00000000000000000000000000000000000
01100000110000000000000000000000000
01100000110000000000000000000000000
00000000000000000000000000000000000
00000110000000000000000000000000000
00000110000000000000000000000000000
00000000000000000000000000000000000
00000000000000000000000000000000000
00000000000000000000000000000000000
00000000000000000000000000000000000
00000000000000000000000110110000000
00000000000000000000001000001000000
00000000000000000000001000000100110
00000000000000000000001110001000110
00000000000000000000000000010000000
00000000000000000000000000000000000
00000000000000000000000000000000000
00000000000000000000000000000000000
00000000000000000000011000000000000
00000000000000000000010000000000000
00000000000000000000001110000000000
00000000000000000000000010000000000
00000000000000000000000000000000000